1.0000000 -0.3372975 -0.3457053 0.0000077
1.0106000 -0.3456071 -0.3540853 0.0000063
1.0212000 -0.3535858 -0.3621179 0.0000080
1.0318000 -0.3612476 -0.3698430 0.0000094
1.0424000 -0.3686058 -0.3772759 0.0000076
1.0530000 -0.3756739 -0.3844218 0.0000081
1.0636000 -0.3824638 -0.3912722 0.0000087
1.0742000 -0.3889868 -0.3978434 0.0000069
1.0848000 -0.3952535 -0.4041825 0.0000065
1.0954000 -0.4012741 -0.4102623 0.0000075
1.1060000 -0.4070584 -0.4161108 0.0000069
1.1166000 -0.4126158 -0.4217257 0.0000072
1.1272000 -0.4179549 -0.4271345 0.0000075
1.1378000 -0.4230843 -0.4323202 0.0000068
1.1484000 -0.4280120 -0.4373201 0.0000072
1.1590000 -0.4327459 -0.4420963 0.0000073
1.1696000 -0.4372930 -0.4467107 0.0000074
1.1802000 -0.4416607 -0.4511465 0.0000074
1.1908000 -0.4458554 -0.4553889 0.0000077
1.2014000 -0.4498838 -0.4594814 0.0000068
1.2120000 -0.4537519 -0.4634056 0.0000079
1.2226000 -0.4574657 -0.4671785 0.0000072
1.2332000 -0.4610307 -0.4708043 0.0000073
1.2438000 -0.4644524 -0.4742984 0.0000082
1.2544000 -0.4677360 -0.4776196 0.0000084
1.2650000 -0.4708863 -0.4808280 0.0000099
1.2756000 -0.4739082 -0.4839253 0.0000069
1.2862000 -0.4768063 -0.4868716 0.0000081
1.2968000 -0.4795848 -0.4897169 0.0000071
1.3074000 -0.4822480 -0.4924480 0.0000071
1.3180000 -0.4847999 -0.4950364 0.0000078
1.3286000 -0.4872443 -0.4975539 0.0000081
1.3392000 -0.4895852 -0.4999553 0.0000083
1.3498000 -0.4918258 -0.5022581 0.0000079
1.3604000 -0.4939697 -0.5044405 0.0000076
1.3710000 -0.4960203 -0.5065682 0.0000093
1.3816000 -0.4979806 -0.5085718 0.0000087
1.3922000 -0.4998538 -0.5104934 0.0000070
1.4028000 -0.5016427 -0.5123483 0.0000071
1.4134000 -0.5033502 -0.5141114 0.0000085
1.4240000 -0.5049791 -0.5158091 0.0000084
1.4346000 -0.5065318 -0.5174236 0.0000095
1.4452000 -0.5080111 -0.5189618 0.0000075
1.4558000 -0.5094192 -0.5204178 0.0000087
1.4664000 -0.5107586 -0.5218202 0.0000078
1.4770000 -0.5120316 -0.5231393 0.0000093
1.4876000 -0.5132402 -0.5244066 0.0000073
1.4982000 -0.5143867 -0.5256210 0.0000093
1.5088000 -0.5154730 -0.5267649 0.0000085
1.5194000 -0.5165011 -0.5278487 0.0000083
1.5300000 -0.5174730 -0.5288809 0.0000088
1.5406000 -0.5183904 -0.5298448 0.0000086
1.5512000 -0.5192551 -0.5307772 0.0000081
1.5618000 -0.5200689 -0.5316495 0.0000082
1.5724000 -0.5208333 -0.5324679 0.0000098
1.5830000 -0.5215500 -0.5332710 0.0000113
1.5936000 -0.5222206 -0.5339794 0.0000090
1.6042000 -0.5228465 -0.5346569 0.0000094
1.6148000 -0.5234292 -0.5353082 0.0000086
1.6254000 -0.5239701 -0.5358916 0.0000112
1.6360000 -0.5244705 -0.5364469 0.0000100
1.6466000 -0.5249318 -0.5369757 0.0000085
1.6572000 -0.5253552 -0.5374605 0.0000092
1.6678000 -0.5257420 -0.5378880 0.0000102
1.6784000 -0.5260933 -0.5382928 0.0000101
1.6890000 -0.5264104 -0.5386809 0.0000101
1.6996000 -0.5266943 -0.5390218 0.0000092
1.7102000 -0.5269462 -0.5393321 0.0000095
1.7208000 -0.5271670 -0.5395967 0.0000089
1.7314000 -0.5273579 -0.5398550 0.0000099
1.7420000 -0.5275198 -0.5400589 0.0000103
1.7526000 -0.5276537 -0.5402531 0.0000091
1.7632000 -0.5277605 -0.5404161 0.0000105
1.7738000 -0.5278411 -0.5405519 0.0000093
1.7844000 -0.5278965 -0.5406702 0.0000106
1.7950000 -0.5279274 -0.5407464 0.0000099
1.8056000 -0.5279348 -0.5408112 0.0000115
1.8162000 -0.5279193 -0.5408487 0.0000102
1.8268000 -0.5278819 -0.5408617 0.0000089
1.8374000 -0.5278233 -0.5408581 0.0000097
1.8480000 -0.5277441 -0.5408261 0.0000102
1.8586000 -0.5276453 -0.5407866 0.0000113
1.8692000 -0.5275273 -0.5407189 0.0000104
1.8798000 -0.5273911 -0.5406331 0.0000096
1.8904000 -0.5272371 -0.5405311 0.0000100
1.9010000 -0.5270661 -0.5404120 0.0000105
1.9116000 -0.5268786 -0.5402597 0.0000112
1.9222000 -0.5266754 -0.5401008 0.0000092
1.9328000 -0.5264570 -0.5399575 0.0000110
1.9434000 -0.5262240 -0.5397468 0.0000118
1.9540000 -0.5259769 -0.5395490 0.0000093
1.9646000 -0.5257164 -0.5393408 0.0000115
1.9752000 -0.5254429 -0.5391211 0.0000100
1.9858000 -0.5251570 -0.5388688 0.0000108
1.9964000 -0.5248592 -0.5386224 0.0000099
2.0070000 -0.5245499 -0.5383426 0.0000103
2.0176000 -0.5242298 -0.5380899 0.0000086
2.0282000 -0.5238992 -0.5377798 0.0000087
2.0388000 -0.5235587 -0.5374890 0.0000097
2.0494000 -0.5232086 -0.5371860 0.0000105
2.0600000 -0.5228494 -0.5368527 0.0000095
2.0706000 -0.5224816 -0.5365064 0.0000084
2.0812000 -0.5221055 -0.5361790 0.0000088
2.0918000 -0.5217216 -0.5358222 0.0000098
2.1024000 -0.5213304 -0.5354718 0.0000089
2.1130000 -0.5209320 -0.5351022 0.0000101
2.1236000 -0.5205270 -0.5347384 0.0000120
2.1342000 -0.5201158 -0.5343637 0.0000117
2.1448000 -0.5196986 -0.5339600 0.0000084
2.1554000 -0.5192759 -0.5335792 0.0000100
2.1660000 -0.5188479 -0.5331648 0.0000098
2.1766000 -0.5184151 -0.5327669 0.0000090
2.1872000 -0.5179777 -0.5323506 0.0000103
2.1978000 -0.5175361 -0.5319165 0.0000109
2.2084000 -0.5170906 -0.5314999 0.0000086
2.2190000 -0.5166414 -0.5310711 0.0000096
2.2296000 -0.5161890 -0.5306591 0.0000116
2.2402000 -0.5157335 -0.5302044 0.0000107
2.2508000 -0.5152753 -0.5297489 0.0000097
2.2614000 -0.5148146 -0.5293233 0.0000098
2.2720000 -0.5143518 -0.5288612 0.0000090
2.2826000 -0.5138870 -0.5284052 0.0000124
2.2932000 -0.5134206 -0.5279378 0.0000089
2.3038000 -0.5129527 -0.5274897 0.0000112
2.3144000 -0.5124837 -0.5270311 0.0000115
2.3250000 -0.5120137 -0.5265604 0.0000101
2.3356000 -0.5115430 -0.5261023 0.0000120
2.3462000 -0.5110718 -0.5256076 0.0000086
2.3568000 -0.5106003 -0.5251455 0.0000118
2.3674000 -0.5101288 -0.5246739 0.0000094
2.3780000 -0.5096574 -0.5242157 0.0000090
2.3886000 -0.5091864 -0.5237124 0.0000108
2.3992000 -0.5087160 -0.5232398 0.0000104
2.4098000 -0.5082462 -0.5227650 0.0000083
2.4204000 -0.5077774 -0.5222802 0.0000080
2.4310000 -0.5073097 -0.5218062 0.0000098
2.4416000 -0.5068432 -0.5213297 0.0000119
2.4522000 -0.5063782 -0.5208295 0.0000115
2.4628000 -0.5059147 -0.5203759 0.0000203
2.4734000 -0.5054530 -0.5198690 0.0000086
2.4840000 -0.5049932 -0.5193892 0.0000092
2.4946000 -0.5045354 -0.5189151 0.0000095
2.5052000 -0.5040798 -0.5184345 0.0000082
2.5158000 -0.5036265 -0.5179278 0.0000083
2.5264000 -0.5031756 -0.5174714 0.0000082
2.5370000 -0.5027273 -0.5169752 0.0000084
2.5476000 -0.5022817 -0.5164864 0.0000102
2.5582000 -0.5018389 -0.5160123 0.0000125
2.5688000 -0.5013989 -0.5155270 0.0000188
2.5794000 -0.5009620 -0.5150563 0.0000173
2.5900000 -0.5005282 -0.5145844 0.0000137
2.6006000 -0.5000975 -0.5141182 0.0000117
2.6112000 -0.4996702 -0.5136508 0.0000090
2.6218000 -0.4992463 -0.5131820 0.0000133
2.6324000 -0.4988258 -0.5127056 0.0000081
2.6430000 -0.4984088 -0.5122361 0.0000088
2.6536000 -0.4979954 -0.5117677 0.0000100
2.6642000 -0.4975857 -0.5113063 0.0000087
2.6748000 -0.4971797 -0.5108458 0.0000138
2.6854000 -0.4967775 -0.5103849 0.0000153
2.6960000 -0.4963791 -0.5099129 0.0000078
2.7066000 -0.4959847 -0.5094615 0.0000070
2.7172000 -0.4955942 -0.5089953 0.0000076
2.7278000 -0.4952077 -0.5085691 0.0000074
2.7384000 -0.4948252 -0.5081149 0.0000081
2.7490000 -0.4944467 -0.5076654 0.0000154
2.7596000 -0.4940724 -0.5072252 0.0000079
2.7702000 -0.4937022 -0.5067786 0.0000112
2.7808000 -0.4933361 -0.5063333 0.0000073
2.7914000 -0.4929742 -0.5058958 0.0000069
2.8020000 -0.4926165 -0.5054679 0.0000079
2.8126000 -0.4922631 -0.5050298 0.0000178
2.8232000 -0.4919138 -0.5046072 0.0000093
2.8338000 -0.4915688 -0.5042064 0.0000237
2.8444000 -0.4912280 -0.5037663 0.0000105
2.8550000 -0.4908915 -0.5033502 0.0000099
2.8656000 -0.4905592 -0.5029132 0.0000077
2.8762000 -0.4902311 -0.5025158 0.0000118
2.8868000 -0.4899073 -0.5020959 0.0000111
2.8974000 -0.4895878 -0.5016891 0.0000133
2.9080000 -0.4892725 -0.5012969 0.0000169
2.9186000 -0.4889614 -0.5008744 0.0000187
2.9292000 -0.4886545 -0.5004852 0.0000145
2.9398000 -0.4883518 -0.5000907 0.0000164
2.9504000 -0.4880533 -0.4996940 0.0000175
2.9610000 -0.4877590 -0.4993137 0.0000116
2.9716000 -0.4874688 -0.4989341 0.0000133
2.9822000 -0.4871827 -0.4985392 0.0000256
2.9928000 -0.4869008 -0.4981805 0.0000273
3.0034000 -0.4866229 -0.4978141 0.0000263
3.0140000 -0.4863491 -0.4974264 0.0000114
3.0246000 -0.4860793 -0.4970672 0.0000266
3.0352000 -0.4858136 -0.4966949 0.0000154
3.0458000 -0.4855518 -0.4963293 0.0000218
3.0564000 -0.4852939 -0.4959854 0.0000166
3.0670000 -0.4850399 -0.4956190 0.0000249
3.0776000 -0.4847899 -0.4952656 0.0000214
3.0882000 -0.4845436 -0.4949086 0.0000255
3.0988000 -0.4843013 -0.4945774 0.0000254
3.1094000 -0.4840626 -0.4942427 0.0000215
3.1200000 -0.4838277 -0.4938977 0.0000196
3.1306000 -0.4835966 -0.4935795 0.0000237
3.1412000 -0.4833691 -0.4932238 0.0000162
3.1518000 -0.4831452 -0.4929142 0.0000215
3.1624000 -0.4829249 -0.4925903 0.0000258
3.1730000 -0.4827082 -0.4922691 0.0000148
3.1836000 -0.4824950 -0.4919523 0.0000293
3.1942000 -0.4822853 -0.4916294 0.0000162
3.2048000 -0.4820790 -0.4913279 0.0000214
3.2154000 -0.4818761 -0.4910187 0.0000215
3.2260000 -0.4816766 -0.4907141 0.0000215
3.2366000 -0.4814803 -0.4904279 0.0000278
3.2472000 -0.4812874 -0.4901342 0.0000206
3.2578000 -0.4810977 -0.4898422 0.0000253
3.2684000 -0.4809112 -0.4895483 0.0000251
3.2790000 -0.4807278 -0.4892586 0.0000223
3.2896000 -0.4805476 -0.4889779 0.0000232
3.3002000 -0.4803704 -0.4886995 0.0000238
3.3108000 -0.4801963 -0.4884271 0.0000186
3.3214000 -0.4800252 -0.4881551 0.0000209
3.3320000 -0.4798570 -0.4878813 0.0000256
3.3426000 -0.4796917 -0.4876073 0.0000243
3.3532000 -0.4795293 -0.4873566 0.0000288
3.3638000 -0.4793697 -0.4870947 0.0000182
3.3744000 -0.4792129 -0.4868363 0.0000250
3.3850000 -0.4790588 -0.4865829 0.0000238
3.3956000 -0.4789075 -0.4863443 0.0000230
3.4062000 -0.4787589 -0.4860868 0.0000260
3.4168000 -0.4786128 -0.4858517 0.0000212
3.4274000 -0.4784693 -0.4856092 0.0000253
3.4380000 -0.4783284 -0.4853694 0.0000245
3.4486000 -0.4781900 -0.4851466 0.0000289
3.4592000 -0.4780541 -0.4849144 0.0000212
3.4698000 -0.4779206 -0.4846895 0.0000314
3.4804000 -0.4777895 -0.4844629 0.0000313
3.4910000 -0.4776608 -0.4842435 0.0000255
3.5016000 -0.4775344 -0.4840243 0.0000220
3.5122000 -0.4774102 -0.4838024 0.0000278
3.5228000 -0.4772884 -0.4836041 0.0000273
3.5334000 -0.4771687 -0.4833803 0.0000204
3.5440000 -0.4770512 -0.4831842 0.0000264
3.5546000 -0.4769359 -0.4829795 0.0000294
3.5652000 -0.4768227 -0.4827781 0.0000281
3.5758000 -0.4767115 -0.4825780 0.0000268
3.5864000 -0.4766024 -0.4823755 0.0000266
3.5970000 -0.4764952 -0.4821935 0.0000275
3.6076000 -0.4763901 -0.4819967 0.0000302
3.6182000 -0.4762869 -0.4818089 0.0000271
3.6288000 -0.4761856 -0.4816228 0.0000303
3.6394000 -0.4760862 -0.4814433 0.0000279
